0 65 0
-1.79144394818614 -2.5357583167115 -2.70337295484273
56.2418878963723 108.092466633423 -0.957875720055896
117.183468155442 111.671041716532 40.6890897613424
165.369044417094 111.981122729671 61.2688124615922
190.372154176182 75.8350673647844 54.4869966697001
161.433138878178 47.3020078111916 51.5948542997861
105.702090311106 57.0291013904493 30.3466518843076
176.238699877398 25.6693866270113 51.3291102314627
119.615510179302 -12.1264478984946 29.5119666588415
101.731259405396 49.429604966967 24.918097903517
53.4572521991164 -7.54497196937354 2.59373815164626
118.018331798139 -2.02911708947292 28.064272911044
130.159020608328 -15.2679596727348 34.2373988853244
193.004985768551 -46.4038442195881 40.2272491798844
137.490236317469 -86.1680634489128 27.2659056683931
98.697868961574 -79.2153019847607 16.0796481286291
83.3938878362351 -20.7555286120442 12.7233057097712
43.3603796934856 -102.333783567062 0.275700102152824
32.9519933898224 -31.8415371197064 0.855389800673849
26.0446467472246 -33.9982679541119 -0.170158850933789
10.2282196212791 10.5596089361537 0.0456095889100876
6.39247476765891 -25.043167790503 -0.0122795047065621
21.8018813080853 -51.987537774142 0.00350842991616059
-2.44991003693401e-14 -64.606081112929 -0.0017542149580803
-21.8018813080853 -51.9875377741421 0.00350842991616062
-6.39247476765889 -25.043167790503 -0.0122795047065621
-10.2282196212791 10.5596089361543 0.0456095889100882
-26.0446467472246 -33.998267954114 -0.17015885093379
-32.9519933898225 -31.8415371196981 0.855389800673849
-43.3603796934856 -102.333783567094 0.275700102152827
-83.393887836235 -20.7555286119266 12.7233057097711
-98.6978689615742 -79.2153019852 16.0796481286291
-137.490236317469 -86.1680634472737 27.2659056683931
-193.004985768551 -46.4038442257051 40.2272491798844
-130.159020608327 -15.2679596499061 34.2373988853244
-118.018331798139 -2.02911717467022 28.064272911044
-53.4572521991164 -7.544971651413 2.59373815164627
-101.731259405396 49.429603780322 24.918097903517
-119.615510179302 -12.1264434698751 29.5119666588415
-176.238699877398 25.6693700991782 51.3291102314627
-105.702090311106 57.0291630731619 30.3466518843076
-161.433138878178 47.3017776081741 51.5948542997861
-190.372154176182 75.8359264941414 54.4869966697001
-165.369044417094 111.97791641526 61.2688124615922
-117.183468155442 111.68300784482 40.6890897613424
-56.2418878963724 108.028933659009 -0.957875720055839
1.79144394818641 -2.25399182950481 -2.70337295484279
0 64 0
