0
0
0
0
0.0416666666666667
0.0625
0.0833333333333333
0.104166666666667
0.125
0.145833333333333
0.166666666666667
0.1875
0.208333333333333
0.229166666666667
0.25
0.270833333333333
0.291666666666667
0.3125
0.333333333333333
0.354166666666667
0.375
0.395833333333333
0.416666666666667
0.4375
0.458333333333333
0.479166666666667
0.5
0.520833333333333
0.541666666666667
0.5625
0.583333333333333
0.604166666666667
0.625
0.645833333333333
0.666666666666667
0.6875
0.708333333333333
0.729166666666667
0.75
0.770833333333333
0.791666666666667
0.8125
0.833333333333333
0.854166666666667
0.875
0.895833333333333
0.916666666666667
0.9375
0.958333333333333
1
1
1
1
